ltune = 0.001498
blen = 45.2223e-12
frf = 99.9308193e6
nbunch = 176
energy = 3e9
vchro = 0
alphac = 0.000306
vtune = 16.28
betax = 3.31996164
betay = 7.229052948220378
length = 528.
rho0 = 19.1
espread = 0.0007898
current = 0.5
taue = 25.6e-3
tauy = 29.1e-3
vrf = 0.864e6
eloss = 360e3
je = 1.100
zleff = 0.71
htune = 40.20
vtune = 16.28